5.000000000000000278e-02 1.175799999999999983e+02 1.089999999999999997e-01 7.600000000000000089e-01 -5.950000000000000178e+00
1.000000000000000056e-01 1.133299999999999983e+02 3.699999999999999817e-02 1.300000000000000044e+00 -8.150000000000000355e+00
1.499999999999999944e-01 1.095300000000000011e+02 1.480000000000000066e-02 1.739999999999999991e+00 -7.849999999999999645e+00
2.000000000000000111e-01 1.061400000000000006e+02 6.420000000000000359e-03 2.140000000000000124e+00 -7.620000000000000107e+00
2.500000000000000000e-01 1.031099999999999994e+02 2.909999999999999826e-03 2.529999999999999805e+00 -7.629999999999999893e+00
2.999999999999999889e-01 1.003900000000000006e+02 1.360000000000000098e-03 2.919999999999999929e+00 -7.839999999999999858e+00
3.499999999999999778e-01 9.795999999999999375e+01 6.560000000000000076e-04 3.290000000000000036e+00 -8.029999999999999361e+00
4.000000000000000222e-01 9.579000000000000625e+01 3.220000000000000206e-04 3.629999999999999893e+00 -7.990000000000000213e+00
4.500000000000000111e-01 9.384999999999999432e+01 1.600000000000000131e-04 3.939999999999999947e+00 -7.879999999999999893e+00
5.000000000000000000e-01 9.210999999999999943e+01 8.059999999999999402e-05 4.240000000000000213e+00 -7.759999999999999787e+00
