1.000000000000000056e-01 6.240000000000000213e+00 2.919999999999999818e-01 1.600000000000000033e-01 3.089999999999999858e+00
2.000000000000000111e-01 5.849999999999999645e+00 1.620000000000000051e-01 3.400000000000000244e-01 2.490000000000000213e+00
2.999999999999999889e-01 5.540000000000000036e+00 9.400000000000000022e-02 5.100000000000000089e-01 2.149999999999999911e+00
4.000000000000000222e-01 5.280000000000000249e+00 5.589999999999999830e-02 7.299999999999999822e-01 1.540000000000000036e+00
5.000000000000000000e-01 5.080000000000000071e+00 3.400000000000000244e-02 9.799999999999999822e-01 8.499999999999999778e-01
5.999999999999999778e-01 4.919999999999999929e+00 2.100000000000000130e-02 1.239999999999999991e+00 2.200000000000000011e-01
6.999999999999999556e-01 4.790000000000000036e+00 1.310000000000000053e-02 1.489999999999999991e+00 -2.600000000000000089e-01
8.000000000000000444e-01 4.679999999999999716e+00 8.179999999999999771e-03 1.739999999999999991e+00 -6.099999999999999867e-01
9.000000000000000222e-01 4.610000000000000320e+00 5.130000000000000011e-03 1.979999999999999982e+00 -8.699999999999999956e-01
1.000000000000000000e+00 4.549999999999999822e+00 3.210000000000000180e-03 2.220000000000000195e+00 -1.060000000000000053e+00
1.100000000000000089e+00 4.509999999999999787e+00 2.000000000000000042e-03 2.450000000000000178e+00 -1.219999999999999973e+00
1.199999999999999956e+00 4.490000000000000213e+00 1.240000000000000000e-03 2.689999999999999947e+00 -1.340000000000000080e+00
1.300000000000000044e+00 4.480000000000000426e+00 7.619999999999999820e-04 2.930000000000000160e+00 -1.449999999999999956e+00
1.399999999999999911e+00 4.490000000000000213e+00 4.629999999999999784e-04 3.180000000000000160e+00 -1.550000000000000044e+00
1.500000000000000000e+00 4.500000000000000000e+00 2.790000000000000054e-04 3.439999999999999947e+00 -1.639999999999999902e+00
1.600000000000000089e+00 4.530000000000000249e+00 1.659999999999999963e-04 3.700000000000000178e+00 -1.729999999999999982e+00
1.699999999999999956e+00 4.559999999999999609e+00 9.710000000000000206e-05 3.970000000000000195e+00 -1.810000000000000053e+00
1.800000000000000044e+00 4.610000000000000320e+00 5.610000000000000159e-05 4.240000000000000213e+00 -1.889999999999999902e+00
1.899999999999999911e+00 4.660000000000000142e+00 3.199999999999999855e-05 4.519999999999999574e+00 -1.949999999999999956e+00
2.000000000000000000e+00 4.719999999999999751e+00 1.800000000000000046e-05 4.799999999999999822e+00 -1.979999999999999982e+00
